/users/yzcchen/chen3/coling2012/LDC2006T06/data/Chinese/wl/adj/LIUYIFENG_20050129.1037 204 200 197 403 286 405 393 564 81 562 218 158 320 215 209 581 585 496 437 591 185 489 491 366 486 421 480 539
/users/yzcchen/chen3/coling2012/LDC2006T06/data/Chinese/wl/adj/NJWSL_20041205.1409 273 1304 477 278 920 915 911 943 352 1295 1281 1287 422
/users/yzcchen/chen3/coling2012/LDC2006T06/data/Chinese/wl/adj/LIUYIFENG_20050111.1137 187 155 426 175 323 65 246 298 150 303
/users/yzcchen/chen3/coling2012/LDC2006T06/data/Chinese/wl/adj/DAVYZW_20050104.1048 804 207 548 257 203 585 675 893 224 538
/users/yzcchen/chen3/coling2012/LDC2006T06/data/Chinese/wl/adj/GLOVEBX_20041212.0456 115 489 65 219 232 212 267 208 122
/users/yzcchen/chen3/coling2012/LDC2006T06/data/Chinese/wl/adj/LIUYIFENG_20050113.1047 550 517 577 649 619 435 669 626 457 629 574 634 332 537 637 607 658
/users/yzcchen/chen3/coling2012/LDC2006T06/data/Chinese/wl/adj/GLOVEBX_20041122.0919 1337 275 443 519 988 1008 979 1297 382 1257 523 1207 1233 419 1315 899 1241
/users/yzcchen/chen3/coling2012/LDC2006T06/data/Chinese/wl/adj/LIUYIFENG_20050124.1822 324 169 290 223 320
/users/yzcchen/chen3/coling2012/LDC2006T06/data/Chinese/wl/adj/GLOVEBX_20041127.0320 171 237 185 257 310 321 402 196 107 331 423
/users/yzcchen/chen3/coling2012/LDC2006T06/data/Chinese/wl/adj/LIUYIFENG_20050124.1721 136 116 156 144 128 160 123 183 149 151
/users/yzcchen/chen3/coling2012/LDC2006T06/data/Chinese/wl/adj/DAVYZW_20050201.1538 648 588
/users/yzcchen/chen3/coling2012/LDC2006T06/data/Chinese/wl/adj/LIUYIFENG_20050124.1819 126
/users/yzcchen/chen3/coling2012/LDC2006T06/data/Chinese/wl/adj/LIUYIFENG_20050126.0843 337 247 328 181
/users/yzcchen/chen3/coling2012/LDC2006T06/data/Chinese/wl/adj/GLOVEBX_20041117.0650 687 102 141 475 953 277 988 748 383 314 520 741 972 932 122 211
/users/yzcchen/chen3/coling2012/LDC2006T06/data/Chinese/wl/adj/LIUYIFENG_20050126.0832 150
/users/yzcchen/chen3/coling2012/LDC2006T06/data/Chinese/wl/adj/LIUYIFENG_20050114.0608 411 374 185 190 416 401 198 605 391
/users/yzcchen/chen3/coling2012/LDC2006T06/data/Chinese/wl/adj/NJWSL_20041204.0802 139 472 470 134 153 155 563 458 454 147 149 442 234 447 434 166 792 115 665 488 837 485 486 481 122
/users/yzcchen/chen3/coling2012/LDC2006T06/data/Chinese/wl/adj/LIUYIFENG_20050128.0814 610 278 613 737 400 740 395 220 393 157 217 629 261 754 387 695 385 693 512 504 444 646 226 642 356 665 294 780 245 242 420 726
/users/yzcchen/chen3/coling2012/LDC2006T06/data/Chinese/wl/adj/LIUYIFENG_20050127.0711 343 550 442 511 168 235 546 308 544 507 556 465 562 430 573
/users/yzcchen/chen3/coling2012/LDC2006T06/data/Chinese/wl/adj/LIUYIFENG_20050123.1754 258 171 290 262 364 281 300
/users/yzcchen/chen3/coling2012/LDC2006T06/data/Chinese/bn/adj/CTV20001224.1430.1496 254 103 323 334 418 421 379 181
/users/yzcchen/chen3/coling2012/LDC2006T06/data/Chinese/bn/adj/CTV20001030.1330.1412 119 77 89 105
/users/yzcchen/chen3/coling2012/LDC2006T06/data/Chinese/bn/adj/CBS20001001.1000.0041 204 201 355 160 193
/users/yzcchen/chen3/coling2012/LDC2006T06/data/Chinese/bn/adj/VOM20001129.0700.0798 971 910 103 1017 257 431 266 365 230 1012 271
/users/yzcchen/chen3/coling2012/LDC2006T06/data/Chinese/bn/adj/CTS20001127.1300.1328 136 154 252 223 262 235 218 112 266 178 73 241
/users/yzcchen/chen3/coling2012/LDC2006T06/data/Chinese/bn/adj/CBS20001118.1000.0039 516 506 514 283 282 314 554 467 165 522 465 253 494 112 144 266 215 536 122 301 268 538
/users/yzcchen/chen3/coling2012/LDC2006T06/data/Chinese/bn/adj/CBS20001206.1000.1074 340 291 143 128 230 177 160 192
/users/yzcchen/chen3/coling2012/LDC2006T06/data/Chinese/bn/adj/CTV20001104.1530.0780 251 234 200 191 83 351 281 317 208 120
/users/yzcchen/chen3/coling2012/LDC2006T06/data/Chinese/bn/adj/CTS20001007.1300.0258 413 73 74 221 392 458 453 385 215 88 450 373 516 580 444 234 446 582 371 381 231 111 229 438 357 184 354 240
/users/yzcchen/chen3/coling2012/LDC2006T06/data/Chinese/bn/adj/CTS20001019.1300.0638 441 340 277 163 111 161 435 466 224 439 378 134 186 292 156 81 488 248 159 124 300 149
/users/yzcchen/chen3/coling2012/LDC2006T06/data/Chinese/bn/adj/CNR20001225.1700.0291 139 101 142 93 104 120
/users/yzcchen/chen3/coling2012/LDC2006T06/data/Chinese/bn/adj/CTS20001030.1800.0439 256 358 98 323 308 354 96 158 294 202 351 302
/users/yzcchen/chen3/coling2012/LDC2006T06/data/Chinese/bn/adj/CBS20001016.0800.0768 187 191 99 179 176 131 167
/users/yzcchen/chen3/coling2012/LDC2006T06/data/Chinese/bn/adj/CNR20001018.1700.0676 412 468 404
/users/yzcchen/chen3/coling2012/LDC2006T06/data/Chinese/bn/adj/CTV20001114.1330.1559 158 267 245
/users/yzcchen/chen3/coling2012/LDC2006T06/data/Chinese/bn/adj/CTV20001223.1530.1085 119 232
/users/yzcchen/chen3/coling2012/LDC2006T06/data/Chinese/bn/adj/VOM20001220.0700.0158 397 380 385 328 268 164 211
/users/yzcchen/chen3/coling2012/LDC2006T06/data/Chinese/bn/adj/CTS20001021.1300.1016 326 393 312 315 300 569 319 328 303 388
/users/yzcchen/chen3/coling2012/LDC2006T06/data/Chinese/bn/adj/CBS20001203.1000.0378 192 224
/users/yzcchen/chen3/coling2012/LDC2006T06/data/Chinese/bn/adj/CTS20001114.1800.1410 341 206 546 193 195 326 84 154 563 323 213 385 215 148 389 329 151 103 307 579 98 444 505 525 496 591 593 532 290 185 601 176 182
/users/yzcchen/chen3/coling2012/LDC2006T06/data/Chinese/bn/adj/CBS20001113.1000.0822 205 442 392 202 452
/users/yzcchen/chen3/coling2012/LDC2006T06/data/Chinese/bn/adj/CTS20001121.1300.0182 684 683 615 412 681 888 828 433 117 761 671 665 629 836 662 723 690
/users/yzcchen/chen3/coling2012/LDC2006T06/data/Chinese/bn/adj/CTS20001009.1300.0908 190 292 149
/users/yzcchen/chen3/coling2012/LDC2006T06/data/Chinese/bn/adj/CNR20001209.1700.1290 159
/users/yzcchen/chen3/coling2012/LDC2006T06/data/Chinese/bn/adj/CTV20001208.1330.1503 516 118 191 331 362 422
/users/yzcchen/chen3/coling2012/LDC2006T06/data/Chinese/bn/adj/CTV20001106.1330.1311 408 309 113 321 350 214 449
/users/yzcchen/chen3/coling2012/LDC2006T06/data/Chinese/bn/adj/VOM20001118.0700.1605 820 279 681 400 677 697 933 270 691 689 309 526 774 906 531 903 342 744 751 473 738 466 621 463 762 223 458 457 764 455 753 450 757 851 987 1065 98 855 718 1059 708 497 711 225 492 117 494 489 481 727
/users/yzcchen/chen3/coling2012/LDC2006T06/data/Chinese/bn/adj/CBS20001227.0800.0590 239 343 254 204 136 375 115 317 132 75
/users/yzcchen/chen3/coling2012/LDC2006T06/data/Chinese/bn/adj/CTV20001208.1330.0743 238 222 185 201 174 203 142 244 109 227 183 225
/users/yzcchen/chen3/coling2012/LDC2006T06/data/Chinese/bn/adj/CBS20001224.1000.0608 263 242
/users/yzcchen/chen3/coling2012/LDC2006T06/data/Chinese/bn/adj/CTV20001031.1330.0894 442 511 371 447 351 381 402 433 315 379 439 428 398 321 419 418 391 421 331
/users/yzcchen/chen3/coling2012/LDC2006T06/data/Chinese/bn/adj/CTV20001205.1330.1436 220 101 244 209
/users/yzcchen/chen3/coling2012/LDC2006T06/data/Chinese/bn/adj/CTV20001110.1330.0231 239 205 238 235 368 97 350 382 228 224 251 353 218 212 362 389 388
/users/yzcchen/chen3/coling2012/LDC2006T06/data/Chinese/bn/adj/CTS20001120.1300.1052 174 196 400 385 209 331 104
/users/yzcchen/chen3/coling2012/LDC2006T06/data/Chinese/bn/adj/CNR20001217.1700.1117 141 97 145 148
/users/yzcchen/chen3/coling2012/LDC2006T06/data/Chinese/bn/adj/CTV20001117.1330.0369 136 340
/users/yzcchen/chen3/coling2012/LDC2006T06/data/Chinese/bn/adj/VOM20001006.1800.0436 1268 168 731 368 1009 707 841 265 863 1078 792
/users/yzcchen/chen3/coling2012/LDC2006T06/data/Chinese/bn/adj/CTS20001020.1800.0678 229
/users/yzcchen/chen3/coling2012/LDC2006T06/data/Chinese/bn/adj/CTS20001218.1300.0479 171 221 324 223 364 214 264 385 316 225 362 389
/users/yzcchen/chen3/coling2012/LDC2006T06/data/Chinese/bn/adj/CNR20001122.1700.0091 388
/users/yzcchen/chen3/coling2012/LDC2006T06/data/Chinese/bn/adj/CTS20001222.1300.0723 140 556 226 316 284 439 463 80 456 159 146 538 303
/users/yzcchen/chen3/coling2012/LDC2006T06/data/Chinese/bn/adj/CNR20001019.1700.0858 117 279 149
/users/yzcchen/chen3/coling2012/LDC2006T06/data/Chinese/bn/adj/CTS20001112.1300.0306 171 273 236 163 432 402 314 286 166 226 319 378 294 387 264 481
/users/yzcchen/chen3/coling2012/LDC2006T06/data/Chinese/bn/adj/CBS20001205.1000.0731 410 142 471 557 198 130 347 133 87 392 398 456 219 396 149 307 504 371 502 435 228 497 376 166 438 318 191 188 178 298 542 300 423 482
/users/yzcchen/chen3/coling2012/LDC2006T06/data/Chinese/bn/adj/VOM20001027.1800.0151 85 158 130
/users/yzcchen/chen3/coling2012/LDC2006T06/data/Chinese/bn/adj/CBS20001217.1000.0515 136 117 200 191 77 196
/users/yzcchen/chen3/coling2012/LDC2006T06/data/Chinese/bn/adj/CTV20001017.1330.0441 113 127
/users/yzcchen/chen3/coling2012/LDC2006T06/data/Chinese/bn/adj/CBS20001023.1000.1067 119 103 256 175 296 525 179 214 382 521
/users/yzcchen/chen3/coling2012/LDC2006T06/data/Chinese/bn/adj/CBS20001030.1000.0617 157 140 99 413 280 160 285 363
/users/yzcchen/chen3/coling2012/LDC2006T06/data/Chinese/bn/adj/CTV20001021.1530.0743
/users/yzcchen/chen3/coling2012/LDC2006T06/data/Chinese/bn/adj/VOM20001028.1800.1997 101 145 214 124 208
/users/yzcchen/chen3/coling2012/LDC2006T06/data/Chinese/bn/adj/CTS20001101.0900.0432 687 274 136 745 408 412 66 129 85 703 398 95 632 149 637 151 109 436 106 709 226 107 711 164 430 125 423
/users/yzcchen/chen3/coling2012/LDC2006T06/data/Chinese/bn/adj/CNR20001204.1700.1021 170 306 276 524 228 532 216 323 246 176 300 451 211
/users/yzcchen/chen3/coling2012/LDC2006T06/data/Chinese/bn/adj/CTS20001118.1300.0757 251 472 334 266 483
/users/yzcchen/chen3/coling2012/LDC2006T06/data/Chinese/bn/adj/CBS20001126.1000.0700 102
/users/yzcchen/chen3/coling2012/LDC2006T06/data/Chinese/bn/adj/CNR20001005.1700.1087 546 413 471 400 555 407 404 553 465 567 221 565 560 144 384 451 210 449 269 329 238 175 512 586 594 529 115 114 178 540 125 180 658 240
/users/yzcchen/chen3/coling2012/LDC2006T06/data/Chinese/bn/adj/VOM20001124.0700.2037 82 106
/users/yzcchen/chen3/coling2012/LDC2006T06/data/Chinese/bn/adj/VOM20001026.1800.0795 576 373 519 321 126 146 753 451 302 134
/users/yzcchen/chen3/coling2012/LDC2006T06/data/Chinese/bn/adj/CTV20001106.1330.0134 821 943 953 819 738 951 554 966 180
/users/yzcchen/chen3/coling2012/LDC2006T06/data/Chinese/bn/adj/CTS20001005.1800.1458 102 239 169 432 230 199 280 228 135 153 252 114 456 418 271
/users/yzcchen/chen3/coling2012/LDC2006T06/data/Chinese/nw/adj/XIN20001224.0800.0044 322 354 370 417 432 335 383 147 391 317 319
/users/yzcchen/chen3/coling2012/LDC2006T06/data/Chinese/nw/adj/XIN20001108.2000.0158 262 264
/users/yzcchen/chen3/coling2012/LDC2006T06/data/Chinese/nw/adj/XIN20001007.0200.0020 463 171 611 549 474 615 128 162 245 642
/users/yzcchen/chen3/coling2012/LDC2006T06/data/Chinese/nw/adj/XIN20001012.0800.0084 255 206 216 248 111 281 166 164
/users/yzcchen/chen3/coling2012/LDC2006T06/data/Chinese/nw/adj/XIN20001114.0200.0017 239 168 236 200 412 281 124 286 195 120
/users/yzcchen/chen3/coling2012/LDC2006T06/data/Chinese/nw/adj/XIN20001003.1400.0058 259 398 108 452 420 437 450 388
/users/yzcchen/chen3/coling2012/LDC2006T06/data/Chinese/nw/adj/XIN20001031.0800.0094 476 654 374 369 402 432 380 350 377 347 345 394 325 397 355 417 386 661 366 663 391 656 389
/users/yzcchen/chen3/coling2012/LDC2006T06/data/Chinese/nw/adj/XIN20001224.0200.0016 153 479 409 477 443 459 472 435
/users/yzcchen/chen3/coling2012/LDC2006T06/data/Chinese/nw/adj/XIN20001124.1400.0093 427 325 457 446 468 418 522
/users/yzcchen/chen3/coling2012/LDC2006T06/data/Chinese/nw/adj/ZBN20001007.1300.0047 275 712 274 715 307 683 717 308 278 276 704 676 107 673 289 118 324 671 699 296 693 270 658
/users/yzcchen/chen3/coling2012/LDC2006T06/data/Chinese/nw/adj/XIN20001125.0800.0031 292 470 467 464
/users/yzcchen/chen3/coling2012/LDC2006T06/data/Chinese/nw/adj/XIN20001103.0800.0078 275 443 544 313 468 466 316 192 567 190 491 542 539
/users/yzcchen/chen3/coling2012/LDC2006T06/data/Chinese/nw/adj/XIN20001231.0200.0010 239 236 147 329
/users/yzcchen/chen3/coling2012/LDC2006T06/data/Chinese/nw/adj/ZBN20001224.1300.0037 445 311 202 413 470 403 525 400 225 672 394 427 359 397 561 249 661 574 571 183
/users/yzcchen/chen3/coling2012/LDC2006T06/data/Chinese/nw/adj/XIN20001216.1400.0069 425 619 268
/users/yzcchen/chen3/coling2012/LDC2006T06/data/Chinese/nw/adj/XIN20001114.1400.0092 343 687 237 548 207 371 651 502 287 708 405 729 775 596 560 297 783 602 723 815 639 659
/users/yzcchen/chen3/coling2012/LDC2006T06/data/Chinese/nw/adj/ZBN20001129.0400.0012 324 958 579 698 937 278 920 128 111 366 450 727
/users/yzcchen/chen3/coling2012/LDC2006T06/data/Chinese/nw/adj/XIN20001126.1400.0081 140 233 113 768 765 842 299 270 708 379 499 465
/users/yzcchen/chen3/coling2012/LDC2006T06/data/Chinese/nw/adj/XIN20001221.2000.0152 171 304 207 169 322 323 587 401 316 568
/users/yzcchen/chen3/coling2012/LDC2006T06/data/Chinese/nw/adj/XIN20001023.2000.0158 323 122
/users/yzcchen/chen3/coling2012/LDC2006T06/data/Chinese/nw/adj/XIN20001223.2000.0095 274 175 339 312 281 160 164 405 186 325 352 191 364 361
/users/yzcchen/chen3/coling2012/LDC2006T06/data/Chinese/nw/adj/ZBN20001205.0400.0011 343 375 237 325 368 278 382 301 389 284 378
/users/yzcchen/chen3/coling2012/LDC2006T06/data/Chinese/nw/adj/XIN20001215.2000.0158 476 160 109 317 192 378 465 259 290 429 322 458 354 58 145 366
/users/yzcchen/chen3/coling2012/LDC2006T06/data/Chinese/nw/adj/XIN20001004.0800.0046 254 117 813
/users/yzcchen/chen3/coling2012/LDC2006T06/data/Chinese/nw/adj/XIN20001022.0200.0027 551 262 294 161 466 536 225 269
/users/yzcchen/chen3/coling2012/LDC2006T06/data/Chinese/nw/adj/XIN20001224.0800.0043 410 372 443 140 501 378
/users/yzcchen/chen3/coling2012/LDC2006T06/data/Chinese/nw/adj/XIN20001102.1400.0144 679 400 742 566 458 629 90 511 368 859 162 229 527 983 1061 981 253 974 972 1210 127 484 663 537 182
/users/yzcchen/chen3/coling2012/LDC2006T06/data/Chinese/nw/adj/XIN20001015.0800.0056 274 249 242 61
/users/yzcchen/chen3/coling2012/LDC2006T06/data/Chinese/nw/adj/XIN20001224.0800.0034 411 479 442 472 202 470 380 437 424 427 459 489 191 456 454 450
/users/yzcchen/chen3/coling2012/LDC2006T06/data/Chinese/nw/adj/ZBN20001203.0400.0003 577 236 381 163 736 107 806 902 297 56 693 391 656 269
/users/yzcchen/chen3/coling2012/LDC2006T06/data/Chinese/nw/adj/XIN20001007.0200.0014 223 234 749 209 344
/users/yzcchen/chen3/coling2012/LDC2006T06/data/Chinese/nw/adj/XIN20001112.0800.0040 353 524 421
/users/yzcchen/chen3/coling2012/LDC2006T06/data/Chinese/nw/adj/XIN20001114.0200.0012 262 251 219 131 435 466 449
/users/yzcchen/chen3/coling2012/LDC2006T06/data/Chinese/nw/adj/XIN20001104.1400.0093 68 342 409 564 306 426 157 514 125 227 183
/users/yzcchen/chen3/coling2012/LDC2006T06/data/Chinese/nw/adj/XIN20001104.2000.0121 138 156 666 337 540 662 133 182 742 776 740
/users/yzcchen/chen3/coling2012/LDC2006T06/data/Chinese/nw/adj/ZBN20001003.0400.0013 410 712 549 444 468 435 463 700 489 694 486 571 690
/users/yzcchen/chen3/coling2012/LDC2006T06/data/Chinese/nw/adj/XIN20001124.1400.0105 305 307 340 55 141 59 432 124 228 389 318
/users/yzcchen/chen3/coling2012/LDC2006T06/data/Chinese/nw/adj/XIN20001218.2000.0162 253 381 194
/users/yzcchen/chen3/coling2012/LDC2006T06/data/Chinese/nw/adj/XIN20001222.0800.0090 102 58 280
/users/yzcchen/chen3/coling2012/LDC2006T06/data/Chinese/nw/adj/XIN20001001.2000.0152 411 564 488 471 603 481 496
/users/yzcchen/chen3/coling2012/LDC2006T06/data/Chinese/nw/adj/XIN20001105.0200.0011 747 820 822 817 547 615 558 199 1010 348 617 620 895 553 566 626 1003 631 812 575 814 569 987 375 511 848 504 855 230 585 502 317 497 970 532 832 528 973 963 541 843 840 967
/users/yzcchen/chen3/coling2012/LDC2006T06/data/Chinese/nw/adj/ZBN20001105.0400.0004 304 1036 1039 989 804 462 1113 323 1109 215 1045 1105 571 691 482
/users/yzcchen/chen3/coling2012/LDC2006T06/data/Chinese/nw/adj/ZBN20001206.1300.0036 288 154 234 249 574 213 588 180 75 151 164
/users/yzcchen/chen3/coling2012/LDC2006T06/data/Chinese/nw/adj/XIN20001122.1400.0074 288 238 222 306 337 125 315 182 180
/users/yzcchen/chen3/coling2012/LDC2006T06/data/Chinese/nw/adj/XIN20001218.0800.0088 444 599 332 124
/users/yzcchen/chen3/coling2012/LDC2006T06/data/Chinese/nw/adj/XIN20001003.0800.0025 473 213 300
/users/yzcchen/chen3/coling2012/LDC2006T06/data/Chinese/nw/adj/XIN20001021.2000.0143 474 507 473 501 199 487 662 240 121
/users/yzcchen/chen3/coling2012/LDC2006T06/data/Chinese/nw/adj/XIN20001225.2000.0134 501 245
/users/yzcchen/chen3/coling2012/LDC2006T06/data/Chinese/wl/adj/DAVYZW_20050118.1319 155 816 818 813 824
/users/yzcchen/chen3/coling2012/LDC2006T06/data/Chinese/wl/adj/LIUYIFENG_20050128.0853 609 415 889 402 738 891 830 676 406 743 554 674 620 740 804 703 805 394 459 869 456 396 572 753 809 450 877 388 163 436 588 794 862 669 832 670 535 429 836 734 431 530 722 658 362 897 607 659
/users/yzcchen/chen3/coling2012/LDC2006T06/data/Chinese/wl/adj/LIUYIFENG_20050124.1722
/users/yzcchen/chen3/coling2012/LDC2006T06/data/Chinese/wl/adj/GLOVEBX_20041119.0805 440 304 746 207 608 168 308 750 129 557 345 620 626 760 113 755 634 331 181
/users/yzcchen/chen3/coling2012/LDC2006T06/data/Chinese/wl/adj/DAVYZW_20050127.1720 653 440 1067 855 922 66 507 473 199 497 593 461 1003 158 294 189 386 661 299 996
/users/yzcchen/chen3/coling2012/LDC2006T06/data/Chinese/wl/adj/DAVYZW_20041228.1100 1134 1203 495 1222 1232 631 1131 470 1229 316 164
/users/yzcchen/chen3/coling2012/LDC2006T06/data/Chinese/wl/adj/DAVYZW_20041230.1024 713 509 175 922 1189 889 1094 827 895 1196 119 775 1150 154 832 494 904 1111 875 810
/users/yzcchen/chen3/coling2012/LDC2006T06/data/Chinese/wl/adj/DAVYZW_20050118.0946 883 223 563 813 1279 1111 176 1181 931
/users/yzcchen/chen3/coling2012/LDC2006T06/data/Chinese/wl/adj/NJWSL_20041218.1517 609 232 433 377 437 285 258 255 393 427 185 216 248 457 295 299 451 208 183 271 422 303 269
/users/yzcchen/chen3/coling2012/LDC2006T06/data/Chinese/wl/adj/LIUYIFENG_20050129.1107 342 375 262 338 199 400 177 79 164 344
/users/yzcchen/chen3/coling2012/LDC2006T06/data/Chinese/wl/adj/NJWSL_20041204.0809 237 307 308 172 232 470 525 464 319 522 252 427 563 250 295 247 570 536 240 268 539 210
/users/yzcchen/chen3/coling2012/LDC2006T06/data/Chinese/wl/adj/LIUYIFENG_20050127.0609 410 274 745 139 474 200 202 276 198 286 552 462 324 392 629 334 267 264 331 390 307 174 172 313 641 289 185 248 249 178 366 542 300 844 302
/users/yzcchen/chen3/coling2012/LDC2006T06/data/Chinese/wl/adj/NJWSL_20041204.1404 216 369 355 243 362
/users/yzcchen/chen3/coling2012/LDC2006T06/data/Chinese/wl/adj/DAVYZW_20041228.1337 64 125
/users/yzcchen/chen3/coling2012/LDC2006T06/data/Chinese/wl/adj/NJWSL_20050111.1905 442 309 338 651 583 230 285 438 495 291 292 334 145 661 267 448
/users/yzcchen/chen3/coling2012/LDC2006T06/data/Chinese/wl/adj/LIUYIFENG_20050127.0709 288 322 282 264 300 271 362 344 329
/users/yzcchen/chen3/coling2012/LDC2006T06/data/Chinese/wl/adj/LIUYIFENG_20050115.1748 274 341 307 201 309 369 339 415 203 317 356 254 324 291 191 295 365 298 390 331 243
/users/yzcchen/chen3/coling2012/LDC2006T06/data/Chinese/wl/adj/DAVYZW_20050118.1045 463 291 351 841
/users/yzcchen/chen3/coling2012/LDC2006T06/data/Chinese/wl/adj/GLOVEBX_20050109.2334 747 207 206 65 337 351 402 950 348 133 742 284 258 222 156 764 938 752 994 215 330 151 372 848 236 1128 173 976 1123 379 225 1121 913 591 117 909 772 907 246 179 961 360 123 965 727
/users/yzcchen/chen3/coling2012/LDC2006T06/data/Chinese/bn/adj/CTV20001210.1430.0951 171 200 202 145 192 122
/users/yzcchen/chen3/coling2012/LDC2006T06/data/Chinese/bn/adj/CTV20001210.1430.1151 747 207 341 546 1022 1009 1012 1014 620 259 156 561 765 1006 1041 212 693 994 149 787 235 854 233 312 383 647 315 977 227 1062 708 224 164 378 360 180 483 422
/users/yzcchen/chen3/coling2012/LDC2006T06/data/Chinese/bn/adj/CBS20001213.1000.0892 171 492 255 477 475 337 218 298 240
/users/yzcchen/chen3/coling2012/LDC2006T06/data/Chinese/bn/adj/CTV20001114.1330.0505 956 751 683 547 475 954 889 891 894 220 152 937 218 212 147 876 759 150 162 434 914 983 439 164 792 424 730 670 908 906 661 419 967 727 896
/users/yzcchen/chen3/coling2012/LDC2006T06/data/Chinese/bn/adj/CBS20001102.1000.0558 478 262 99 488 484 520 183 378
/users/yzcchen/chen3/coling2012/LDC2006T06/data/Chinese/bn/adj/CNR20001010.1700.0924 275 342 880 273 272 283 559 350 287 347 258 262 260 873 386 264 876 270 268 926 441 304 375 923 308 381 796 319 913 834 252 352 905 364 300 360 898
/users/yzcchen/chen3/coling2012/LDC2006T06/data/Chinese/bn/adj/CNR20001218.1700.1337 805 512 489 470 162 94 147 706 451 480 121
/users/yzcchen/chen3/coling2012/LDC2006T06/data/Chinese/bn/adj/CTV20001030.1330.0326 408 71 97 163 287 406 194 117 323 251 321 334 366 332
/users/yzcchen/chen3/coling2012/LDC2006T06/data/Chinese/bn/adj/CTS20001022.1300.0124 153 190 159 93 383 366
/users/yzcchen/chen3/coling2012/LDC2006T06/data/Chinese/bn/adj/CTS20001222.1300.0194 258 274 154 339 200 336 296 79 265 166 211
/users/yzcchen/chen3/coling2012/LDC2006T06/data/Chinese/bn/adj/CBS20001126.1000.0174 327 71 430 470 401 183 285 438 439
/users/yzcchen/chen3/coling2012/LDC2006T06/data/Chinese/bn/adj/CTS20001218.1300.0965 356 352 189 159 295 346 303
/users/yzcchen/chen3/coling2012/LDC2006T06/data/Chinese/bn/adj/CBS20001120.1000.0823 117 358 253 101 291 468 147 360 243 316 302 379
/users/yzcchen/chen3/coling2012/LDC2006T06/data/Chinese/bn/adj/CBS20001123.1000.1060 463 139 322 279 114 491 161 177
/users/yzcchen/chen3/coling2012/LDC2006T06/data/Chinese/bn/adj/CNR20001003.1700.1240 138
/users/yzcchen/chen3/coling2012/LDC2006T06/data/Chinese/bn/adj/CTV20001207.1330.0642 577 479 304 714 168 369 313 349 587 72 728 324 358 431 456 573 124 300 328 422
/users/yzcchen/chen3/coling2012/LDC2006T06/data/Chinese/bn/adj/VOM20001129.0700.1526 358 534 217 417 127 247 213 348
/users/yzcchen/chen3/coling2012/LDC2006T06/data/Chinese/bn/adj/CTV20001227.1330.0447 609 580 202 677 160 133 225 553 378 85 564 460 364 334 487 180
/users/yzcchen/chen3/coling2012/LDC2006T06/data/Chinese/bn/adj/CTV20001011.1330.1247 69 619 348 743 555 345 74 673 405 462 453 391 330 228 106 643 492 430 530 657 122 726 483 303 363
/users/yzcchen/chen3/coling2012/LDC2006T06/data/Chinese/bn/adj/CTS20001108.1300.0504 307 138 277 129 197 230 167 226 73 356 254 395 252 184 262 260 244 360 303
/users/yzcchen/chen3/coling2012/LDC2006T06/data/Chinese/bn/adj/CTS20001128.1300.0973 118 222 262 250 337 246 228 75
/users/yzcchen/chen3/coling2012/LDC2006T06/data/Chinese/bn/adj/CBS20001026.1000.0053 327 442 434
/users/yzcchen/chen3/coling2012/LDC2006T06/data/Chinese/bn/adj/CTS20001027.1300.0768 137 441 477 146 209
/users/yzcchen/chen3/coling2012/LDC2006T06/data/Chinese/bn/adj/CBS20001027.1000.0518 255 238 392 206 101 249 77 244 418
/users/yzcchen/chen3/coling2012/LDC2006T06/data/Chinese/bn/adj/CBS20001103.1000.0823 373 154 235 381 162 330 91
/users/yzcchen/chen3/coling2012/LDC2006T06/data/Chinese/bn/adj/VOM20001223.0700.0222 85 117 257 200 90
/users/yzcchen/chen3/coling2012/LDC2006T06/data/Chinese/bn/adj/CTS20001102.1300.1747 170 187 262 175 197 229 226 225
/users/yzcchen/chen3/coling2012/LDC2006T06/data/Chinese/bn/adj/CTV20001009.1330.0695
/users/yzcchen/chen3/coling2012/LDC2006T06/data/Chinese/bn/adj/CNR20001103.1700.0856 234 177 245 208 192
/users/yzcchen/chen3/coling2012/LDC2006T06/data/Chinese/bn/adj/CTS20001106.1300.1376 205 274 272 409 138 278 202 196 287 259 394 157 83 213 145 385 391 331 388 448 440 239 234 380 377 376 165 104 254 116 190 431 179 126 419 120
/users/yzcchen/chen3/coling2012/LDC2006T06/data/Chinese/bn/adj/CTS20001222.1300.0687 152 171 220 187 236 142 202 189 107 226 209
/users/yzcchen/chen3/coling2012/LDC2006T06/data/Chinese/bn/adj/VOM20001022.1800.1220 1134 516 1152 1185 518 1154 1189 919 1162 1150 495 1147 1173 80 528 457 782 928 1076
/users/yzcchen/chen3/coling2012/LDC2006T06/data/Chinese/bn/adj/CTV20001127.1330.0329 324 370 313 93 230 92 198 109 480 316 121
/users/yzcchen/chen3/coling2012/LDC2006T06/data/Chinese/bn/adj/CBS20001106.1000.1007 136 170 141
/users/yzcchen/chen3/coling2012/LDC2006T06/data/Chinese/bn/adj/CTS20001111.1300.0160 565 236 311 354 321 573 208 605 180 591 568
/users/yzcchen/chen3/coling2012/LDC2006T06/data/Chinese/bn/adj/CBS20001008.1000.0742 272 325 339 284
/users/yzcchen/chen3/coling2012/LDC2006T06/data/Chinese/bn/adj/CNR20001004.1700.0727 152 535 174 163 416 161 177 123
/users/yzcchen/chen3/coling2012/LDC2006T06/data/Chinese/bn/adj/CBS20001226.1000.0161 81 631 491 662 605 390 423 590
/users/yzcchen/chen3/coling2012/LDC2006T06/data/Chinese/bn/adj/CTS20001016.1300.0297 463 93 380 182 496 224
/users/yzcchen/chen3/coling2012/LDC2006T06/data/Chinese/bn/adj/CTV20001005.1330.0595 493 517 274 336 545 500 266 471 176 487 94 269
/users/yzcchen/chen3/coling2012/LDC2006T06/data/Chinese/bn/adj/CNR20001024.1700.0603 790 822 1070 819 739 857 797 496 794 118 766 800 488 764 836 734 490 814 722 810 483
/users/yzcchen/chen3/coling2012/LDC2006T06/data/Chinese/bn/adj/VOM20001008.1800.0011 237 325 200 233 161 244 210
/users/yzcchen/chen3/coling2012/LDC2006T06/data/Chinese/bn/adj/CTV20001106.1330.0676 235 475 200 228 437 225 223 426 218 243 302 240 241
/users/yzcchen/chen3/coling2012/LDC2006T06/data/Chinese/bn/adj/CBS20001130.1000.1061 110 176 167 106 194
/users/yzcchen/chen3/coling2012/LDC2006T06/data/Chinese/bn/adj/CTS20001107.0900.0790 493 358 86 235 599 507 587
/users/yzcchen/chen3/coling2012/LDC2006T06/data/Chinese/bn/adj/CTS20001107.0900.1029 200 260 249 147 132 104
/users/yzcchen/chen3/coling2012/LDC2006T06/data/Chinese/bn/adj/CTS20001004.1300.1116 372 375 96 400 382 347 492 358 253 218 387 244 391 362
/users/yzcchen/chen3/coling2012/LDC2006T06/data/Chinese/bn/adj/CTS20001217.1300.0474 551 518 608 519 513 415 143 472 106 376 104 439 463 493 394 426 116 459 429 531 453 542 421 89
/users/yzcchen/chen3/coling2012/LDC2006T06/data/Chinese/bn/adj/CTS20001106.1300.0423 205 322 415 445 431 162 229 314 391 149 91
/users/yzcchen/chen3/coling2012/LDC2006T06/data/Chinese/bn/adj/CTS20001226.2000.1264 463 290 358 444 190 175 142 161 167 74 465
/users/yzcchen/chen3/coling2012/LDC2006T06/data/Chinese/bn/adj/CTS20001206.1300.0190 154 278 158 93 196 77 302 165 151
/users/yzcchen/chen3/coling2012/LDC2006T06/data/Chinese/bn/adj/CTS20001004.1300.0461 204 99 308 276 76 110 108 315 382 167 106 74 104 285 326 186 289 387 127 265 123 268 91
/users/yzcchen/chen3/coling2012/LDC2006T06/data/Chinese/bn/adj/CTS20001110.1300.0358 118 683 81 218
/users/yzcchen/chen3/coling2012/LDC2006T06/data/Chinese/bn/adj/CNR20001201.1700.0558 445 470 145 148 448
/users/yzcchen/chen3/coling2012/LDC2006T06/data/Chinese/bn/adj/CBS20001111.1000.1024 410 118 188 112 178 92 265 94 287 242 437
/users/yzcchen/chen3/coling2012/LDC2006T06/data/Chinese/bn/adj/CTS20001005.1800.0151 479 518 477 475 603
/users/yzcchen/chen3/coling2012/LDC2006T06/data/Chinese/bn/adj/VOM20001123.0700.0261 276 161 95 123 208
/users/yzcchen/chen3/coling2012/LDC2006T06/data/Chinese/bn/adj/VOM20001115.0700.0140 154 115 147 132
/users/yzcchen/chen3/coling2012/LDC2006T06/data/Chinese/bn/adj/CTV20001003.1330.0000 179 194
/users/yzcchen/chen3/coling2012/LDC2006T06/data/Chinese/bn/adj/CTV20001208.1330.1585 204 259 291 257 156 278 97 214 242 268 329
/users/yzcchen/chen3/coling2012/LDC2006T06/data/Chinese/nw/adj/XIN20001002.2000.0101 258 119 68 394 139 399 507 403 300 480
/users/yzcchen/chen3/coling2012/LDC2006T06/data/Chinese/nw/adj/XIN20001107.2000.0150 145 162
/users/yzcchen/chen3/coling2012/LDC2006T06/data/Chinese/nw/adj/XIN20001002.0800.0038 237
/users/yzcchen/chen3/coling2012/LDC2006T06/data/Chinese/nw/adj/XIN20001114.0200.0027 1154 309 1037 786 818 852 1023 1009 1123 792 493 805 565 1002 1004 1205 1041 1043 1045 1104 240 689
/users/yzcchen/chen3/coling2012/LDC2006T06/data/Chinese/nw/adj/XIN20001125.2000.0094 343 221 495 381 501 467 165
/users/yzcchen/chen3/coling2012/LDC2006T06/data/Chinese/nw/adj/XIN20001124.2000.0148 157 188 58 108 133 209
/users/yzcchen/chen3/coling2012/LDC2006T06/data/Chinese/nw/adj/XIN20001216.1400.0068 356 840
/users/yzcchen/chen3/coling2012/LDC2006T06/data/Chinese/nw/adj/ZBN20001119.1300.0040 93
/users/yzcchen/chen3/coling2012/LDC2006T06/data/Chinese/nw/adj/ZBN20001210.0400.0005 186 356 207 426 534 190 414 536 225 439
/users/yzcchen/chen3/coling2012/LDC2006T06/data/Chinese/nw/adj/XIN20001101.0800.0062 440 408 380 501 176 383 503 390 268 363
/users/yzcchen/chen3/coling2012/LDC2006T06/data/Chinese/nw/adj/XIN20001012.0800.0081 341 309 292 278 354 397 295 281 299 319 302 318
/users/yzcchen/chen3/coling2012/LDC2006T06/data/Chinese/nw/adj/XIN20001003.1400.0054 214 106 300
/users/yzcchen/chen3/coling2012/LDC2006T06/data/Chinese/nw/adj/XIN20001227.0800.0057 551 274 200 370 381 588 405 358 325 354 159 364 213 543 419 602 421 360 389
/users/yzcchen/chen3/coling2012/LDC2006T06/data/Chinese/nw/adj/XIN20001127.0800.0053 326 275 139 358 253 460
/users/yzcchen/chen3/coling2012/LDC2006T06/data/Chinese/nw/adj/XIN20001119.0200.0016 141 368 615 447 413 351 377 554 624 528 353 355 661 62 363
/users/yzcchen/chen3/coling2012/LDC2006T06/data/Chinese/nw/adj/XIN20001028.2000.0132 186 69 294 196 282
/users/yzcchen/chen3/coling2012/LDC2006T06/data/Chinese/nw/adj/ZBN20001220.1300.0037 550 546 276 202 556 554 552 284 567 259 216 218 266 635 454 873 268 848 101 925 97 644 913 117 253 291 664 844 120
/users/yzcchen/chen3/coling2012/LDC2006T06/data/Chinese/nw/adj/XIN20001207.0800.0071 356 456 447 419 284
/users/yzcchen/chen3/coling2012/LDC2006T06/data/Chinese/nw/adj/XIN20001107.0200.0005 304 139 272 127 287 317 122
/users/yzcchen/chen3/coling2012/LDC2006T06/data/Chinese/nw/adj/XIN20001017.2000.0161 156
/users/yzcchen/chen3/coling2012/LDC2006T06/data/Chinese/nw/adj/ZBN20001119.1300.0039 611 685 477 281 1010 617 1226 221 1238 1003 323 396 932 997 929 1180 149 329 851 925 505 232 515 1195 524 503 1122 164 908 1206 112 904 484 124 900 725 1138 844 727
/users/yzcchen/chen3/coling2012/LDC2006T06/data/Chinese/nw/adj/XIN20001102.2000.0203 250 525 468 419 271 379 194
/users/yzcchen/chen3/coling2012/LDC2006T06/data/Chinese/nw/adj/XIN20001003.0200.0015 516 703 535 512 234 113 387 502
/users/yzcchen/chen3/coling2012/LDC2006T06/data/Chinese/nw/adj/ZBN20001120.0400.0006 343 408 648 468 108 348 825 287 346 135 498 356 763 222 154 248 112 560 59 416 662 245 663 638
/users/yzcchen/chen3/coling2012/LDC2006T06/data/Chinese/nw/adj/XIN20001203.1400.0063 712 136 272 235 64 283 381 281 72 192 593 288 290 699 321 454 723 243 241
/users/yzcchen/chen3/coling2012/LDC2006T06/data/Chinese/nw/adj/XIN20001009.0800.0058 305 294 112 334 127 125 166 135
/users/yzcchen/chen3/coling2012/LDC2006T06/data/Chinese/nw/adj/XIN20001008.0200.0020 171 147 361
/users/yzcchen/chen3/coling2012/LDC2006T06/data/Chinese/nw/adj/XIN20001008.0200.0025 368 398 293 173 396 127 416 362
/users/yzcchen/chen3/coling2012/LDC2006T06/data/Chinese/nw/adj/XIN20001219.1400.0115 686 551 207 822 683 613 276 413 617 193 827 194 152 567 940 155 399 628 212 571 389 636 689 851 849 984 511 787 505 852 515 163 227 834 532 535 833 190 250 839 837 178 543 605 183
/users/yzcchen/chen3/coling2012/LDC2006T06/data/Chinese/nw/adj/XIN20001126.0800.0042 99 387 164
/users/yzcchen/chen3/coling2012/LDC2006T06/data/Chinese/nw/adj/XIN20001223.0800.0057 851 508 504 512 308 814
/users/yzcchen/chen3/coling2012/LDC2006T06/data/Chinese/nw/adj/ZBN20001218.0400.0005 239 201 99 506 471 527 314 109 520 345 164 533 218 243 449
/users/yzcchen/chen3/coling2012/LDC2006T06/data/Chinese/nw/adj/XIN20001112.0200.0026 592 394 216 218 387 195
/users/yzcchen/chen3/coling2012/LDC2006T06/data/Chinese/nw/adj/XIN20001222.0800.0076 256 476 382 182 240
/users/yzcchen/chen3/coling2012/LDC2006T06/data/Chinese/nw/adj/XIN20001212.1400.0120 416 145 264 348 361 165
/users/yzcchen/chen3/coling2012/LDC2006T06/data/Chinese/nw/adj/XIN20001215.0200.0008 517 546 279 277 501 526 557 520 285 289 262 191 335 240
/users/yzcchen/chen3/coling2012/LDC2006T06/data/Chinese/nw/adj/ZBN20001114.0400.0030 139 87 252 140 173 142 276 124 177 147 133 149
/users/yzcchen/chen3/coling2012/LDC2006T06/data/Chinese/nw/adj/XIN20001130.0800.0046 373 359 354 381 437 498 151
/users/yzcchen/chen3/coling2012/LDC2006T06/data/Chinese/nw/adj/XIN20001212.0200.0015 700 685 714 705 711 553 689
/users/yzcchen/chen3/coling2012/LDC2006T06/data/Chinese/nw/adj/XIN20001125.0800.0032 238 306 175 278 283 280 255 293 188 267 247 264 391 420
/users/yzcchen/chen3/coling2012/LDC2006T06/data/Chinese/nw/adj/XIN20001130.0800.0091 229
/users/yzcchen/chen3/coling2012/LDC2006T06/data/Chinese/nw/adj/XIN20001207.0200.0021 117 237 235 246 176 228 243
/users/yzcchen/chen3/coling2012/LDC2006T06/data/Chinese/nw/adj/XIN20001127.0200.0014 118 274 257 262 189 124 107 328
/users/yzcchen/chen3/coling2012/LDC2006T06/data/Chinese/nw/adj/XIN20001013.0200.0029 576 594 596 191 585 146 542 569 539
/users/yzcchen/chen3/coling2012/LDC2006T06/data/Chinese/nw/adj/ZBN20001029.0400.0001 653 629 501 484 525
/users/yzcchen/chen3/coling2012/LDC2006T06/data/Chinese/nw/adj/XIN20001217.2000.0089 236 203 232 230 199 227 224 221 257 262 216 251 218 261 212 361 268 210 241
/users/yzcchen/chen3/coling2012/LDC2006T06/data/Chinese/nw/adj/XIN20001129.0200.0039 171 479 206 546 475 521 132 522 224 492 184 495 325 489 157 159 487 149 482 151
/users/yzcchen/chen3/coling2012/LDC2006T06/data/Chinese/nw/adj/ZBN20001031.0400.0013 258 325 230 350 108 300 268
/users/yzcchen/chen3/coling2012/LDC2006T06/data/Chinese/wl/adj/DAVYZW_20050105.1242 411 200 1463 370 351 1435 196 951 1468 1302 892 1014 1509 1356 1445 874 1417 177 896
/users/yzcchen/chen3/coling2012/LDC2006T06/data/Chinese/wl/adj/DAVYZW_20050125.1704 611 174 784 545 381 521 498 356 397 246 244 125 481 208 330 361 241
/users/yzcchen/chen3/coling2012/LDC2006T06/data/Chinese/wl/adj/DAVYZW_20050114.0855 745 369 547 705 166 555 439 186 910 156 562 599 397 542 330 451 536
/users/yzcchen/chen3/coling2012/LDC2006T06/data/Chinese/wl/adj/DAVYZW_20050119.1019 477 512 471 919 643 912 668 971 835 461 968 598 752 452 899 639
/users/yzcchen/chen3/coling2012/LDC2006T06/data/Chinese/wl/adj/LIUYIFENG_20050115.1729 274 292 212 176 243
/users/yzcchen/chen3/coling2012/LDC2006T06/data/Chinese/wl/adj/LANGLANGGARGEN_20050213.0141 478 207 203 544 196 199 951 945 498 105 943 1087 488 213 961 215 1076 211
/users/yzcchen/chen3/coling2012/LDC2006T06/data/Chinese/wl/adj/DAVYZW_20041227.1141 610 220 652 700 596 648 575 616 466 590 241
/users/yzcchen/chen3/coling2012/LDC2006T06/data/Chinese/wl/adj/NJWSL_20050102.1510 204 136 1096 414 473 470 618 559 564 562 457 1115 628 332 693 632 568 171 508 577 511 579 1065 1131 582 921 799 587 1125 863 438 643 642 782 419 418 362 483 727
/users/yzcchen/chen3/coling2012/LDC2006T06/data/Chinese/wl/adj/LIUYIFENG_20050123.1752 273 341 138 546 414 412 196 348 557 404 552 324 573 388 509 505 500 503 226 522 590 495 594 597 292 537 301 362
/users/yzcchen/chen3/coling2012/LDC2006T06/data/Chinese/wl/adj/DAVYZW_20050111.1514 274 174 251 261 317 243 269
/users/yzcchen/chen3/coling2012/LDC2006T06/data/Chinese/wl/adj/LIUYIFENG_20050126.0840 444 414 322 190 173 501 400 160 177 404
/users/yzcchen/chen3/coling2012/LDC2006T06/data/Chinese/wl/adj/LIUYIFENG_20050111.0924 610 744 751 737 677 404 392 801 397 812 808 756 388 1106 517 511 505 515 447 381 380 797 497 378 768 485 663 481
/users/yzcchen/chen3/coling2012/LDC2006T06/data/Chinese/wl/adj/LIUYIFENG_20050112.1200 372 256 294 354 333 742
/users/yzcchen/chen3/coling2012/LDC2006T06/data/Chinese/wl/adj/LIUYIFENG_20050115.0916 136 188 208
/users/yzcchen/chen3/coling2012/LDC2006T06/data/Chinese/wl/adj/DAVYZW_20050106.1344 987 958 525 492 943 253 459 813 573 752 124 994 966
/users/yzcchen/chen3/coling2012/LDC2006T06/data/Chinese/wl/adj/DAVYZW_20050110.1403 611 608 472 955 680 829 618 739 403 469 467 464 826 943 633 452 639 653 859 503 527 496 437 862 834 669 534 731 840 723 656 604 847 725 845
/users/yzcchen/chen3/coling2012/LDC2006T06/data/Chinese/wl/adj/LIUYIFENG_20050127.0726 170 324 257 272 64 456 126 229 333 481
/users/yzcchen/chen3/coling2012/LDC2006T06/data/Chinese/wl/adj/LIUYIFENG_20050124.1812 304 374 352 355 231 267 160 182 328
/users/yzcchen/chen3/coling2012/LDC2006T06/data/Chinese/wl/adj/DAVYZW_20050124.1829 206 614 1020 143 558 314 1122 1120 395 1117 258 291 1113 630 531 660 1110 300 756 268 362
/users/yzcchen/chen3/coling2012/LDC2006T06/data/Chinese/bn/adj/CTS20001024.1300.1033 136 307 139 141 129 76 128 198 225 319 104 84 159 82 144 127 267 146 124
/users/yzcchen/chen3/coling2012/LDC2006T06/data/Chinese/bn/adj/VOM20001004.1800.0117 220 239 116 251 234 213 244 181
/users/yzcchen/chen3/coling2012/LDC2006T06/data/Chinese/bn/adj/CTS20001105.1300.0317 340 336 283 403 400 193 285 220 324 458 218 330 209 269 304 372 306 309 368 313 289 185 251 531 249 298 367
/users/yzcchen/chen3/coling2012/LDC2006T06/data/Chinese/bn/adj/VOM20001129.0700.2200 593 169 649 583
/users/yzcchen/chen3/coling2012/LDC2006T06/data/Chinese/bn/adj/VOM20001207.0700.1963 257 189
/users/yzcchen/chen3/coling2012/LDC2006T06/data/Chinese/bn/adj/CTS20001101.0900.0904 159
/users/yzcchen/chen3/coling2012/LDC2006T06/data/Chinese/bn/adj/CTV20001217.1430.0968 152 356 87 237 375 281 89 362
/users/yzcchen/chen3/coling2012/LDC2006T06/data/Chinese/bn/adj/CBS20001129.1000.1072 291 231 214 147
/users/yzcchen/chen3/coling2012/LDC2006T06/data/Chinese/bn/adj/CTV20001021.1530.1567 517 495 535 528 80 530 317 539
/users/yzcchen/chen3/coling2012/LDC2006T06/data/Chinese/bn/adj/CTS20001217.1300.0998 206 446 312 435 401 286 407 438 284 324 427 263 191 113 431 297 179 267 386 419 450 361 269
/users/yzcchen/chen3/coling2012/LDC2006T06/data/Chinese/bn/adj/CTS20001027.1300.1372 114 219
/users/yzcchen/chen3/coling2012/LDC2006T06/data/Chinese/bn/adj/CNR20001218.1700.1295 140
/users/yzcchen/chen3/coling2012/LDC2006T06/data/Chinese/bn/adj/CTS20001015.1300.1065 275 441 237 443 446 434 79 228 223 185 249 265 451 480 450
/users/yzcchen/chen3/coling2012/LDC2006T06/data/Chinese/bn/adj/CNR20001201.1700.1429 157 174 176 167
/users/yzcchen/chen3/coling2012/LDC2006T06/data/Chinese/bn/adj/CNR20001008.1700.0510 331 120
/users/yzcchen/chen3/coling2012/LDC2006T06/data/Chinese/bn/adj/CTS20001007.1300.0519 441 374 447 402 132 438 425 116 431 387 364 391 148
/users/yzcchen/chen3/coling2012/LDC2006T06/data/Chinese/bn/adj/CTS20001120.1300.0506 119 343 341 253 399 402 298 389 268
/users/yzcchen/chen3/coling2012/LDC2006T06/data/Chinese/bn/adj/VOM20001124.0700.0099 341
/users/yzcchen/chen3/coling2012/LDC2006T06/data/Chinese/bn/adj/VOM20001018.1800.0119 84 773 701 190 718 127 433 162 678 662 706 314
/users/yzcchen/chen3/coling2012/LDC2006T06/data/Chinese/bn/adj/CTS20001019.1300.0508 205 102 274 369 309 198 288 357 252 249 177 240 181
/users/yzcchen/chen3/coling2012/LDC2006T06/data/Chinese/bn/adj/CTS20001223.1300.0809 238 309 371 202 231 376 224 194 463 85 326 356 327 495 324 250 217 188 431 82 246 124 481 422
/users/yzcchen/chen3/coling2012/LDC2006T06/data/Chinese/bn/adj/CTS20001105.1300.0613 425 187 393 199 366 333 106 300 241
/users/yzcchen/chen3/coling2012/LDC2006T06/data/Chinese/bn/adj/CTS20001223.1300.0286 221 358 359 200 92 180 194
/users/yzcchen/chen3/coling2012/LDC2006T06/data/Chinese/bn/adj/VOM20001027.1800.1957 137 174
/users/yzcchen/chen3/coling2012/LDC2006T06/data/Chinese/bn/adj/CBS20001117.1000.0341 138 519 377 132 181 439
/users/yzcchen/chen3/coling2012/LDC2006T06/data/Chinese/bn/adj/CTV20001114.1330.1509 275 221 154 190 249 167 240
/users/yzcchen/chen3/coling2012/LDC2006T06/data/Chinese/bn/adj/CBS20001217.1000.0600 139 104
/users/yzcchen/chen3/coling2012/LDC2006T06/data/Chinese/bn/adj/CNR20001225.1700.0801
/users/yzcchen/chen3/coling2012/LDC2006T06/data/Chinese/bn/adj/VOM20001024.1800.2163 307 447 481 863 638 90
/users/yzcchen/chen3/coling2012/LDC2006T06/data/Chinese/bn/adj/CNR20001203.1700.0075 342 374 412 417 386 403 378
/users/yzcchen/chen3/coling2012/LDC2006T06/data/Chinese/bn/adj/VOM20001028.1800.3128 254 119 205 200 158 83 146 198 269
/users/yzcchen/chen3/coling2012/LDC2006T06/data/Chinese/bn/adj/CTS20001118.1300.0859 201 203 97 111 161 227 133 107 285 105 258 253 81 113 188 158 176 208 240 120
/users/yzcchen/chen3/coling2012/LDC2006T06/data/Chinese/bn/adj/CNR20001217.1700.0889 288 204 139 306 295 127 297 264 124
/users/yzcchen/chen3/coling2012/LDC2006T06/data/Chinese/bn/adj/VOM20001204.0700.2094 101 143 396 336 348
/users/yzcchen/chen3/coling2012/LDC2006T06/data/Chinese/bn/adj/CTS20001119.1300.0564 326 309 294 283 179 298
/users/yzcchen/chen3/coling2012/LDC2006T06/data/Chinese/bn/adj/CBS20001220.1000.0533 171 252 139 131 401 347
/users/yzcchen/chen3/coling2012/LDC2006T06/data/Chinese/bn/adj/CBS20001109.1000.0114 546 412 76 199 400 625 263 83 158 91 306 368 505 514 370 381 383 376 166 357 427 251 599 179 420
/users/yzcchen/chen3/coling2012/LDC2006T06/data/Chinese/bn/adj/VOM20001128.0700.1227 275 100 477 691 759 88 590
/users/yzcchen/chen3/coling2012/LDC2006T06/data/Chinese/bn/adj/CTV20001207.1330.1143 172 72 285
/users/yzcchen/chen3/coling2012/LDC2006T06/data/Chinese/bn/adj/CBS20001124.0800.0927 1151 1083 925 907 923 1038 163 979 466 657 1047 388
/users/yzcchen/chen3/coling2012/LDC2006T06/data/Chinese/bn/adj/CTS20001130.1300.0429 238 236 235 200 203 401 132 226 105 224 220 258 119 152 257 216 159 249 247 388 241
/users/yzcchen/chen3/coling2012/LDC2006T06/data/Chinese/bn/adj/CTS20001010.1300.0217 137 304 187 169 217 193 300 132
/users/yzcchen/chen3/coling2012/LDC2006T06/data/Chinese/bn/adj/CTS20001225.1300.0585 103 237 196 229 281 382 284 75 258 187 223 253 216 396 93 247 245 147 270 209 88
/users/yzcchen/chen3/coling2012/LDC2006T06/data/Chinese/bn/adj/CTS20001114.1800.0837 375 101 311 203 104 284 395 394 290 292 364 297 298
/users/yzcchen/chen3/coling2012/LDC2006T06/data/Chinese/bn/adj/CTS20001226.2000.0407 508 375 100 579 235 544 473 227 555 195 225 135 523 222 461 562 531 245 572 390 210 389 241
/users/yzcchen/chen3/coling2012/LDC2006T06/data/Chinese/bn/adj/VOM20001027.1800.3246 610 927 654 613 918 738 863 915 910 595 563 771 561
/users/yzcchen/chen3/coling2012/LDC2006T06/data/Chinese/bn/adj/CTS20001211.1300.1117 311 82 282
/users/yzcchen/chen3/coling2012/LDC2006T06/data/Chinese/bn/adj/CTS20001022.1300.0519 71 338 348 437 464 119 424 178 364 299 367 180 90
/users/yzcchen/chen3/coling2012/LDC2006T06/data/Chinese/bn/adj/CTS20001005.1800.0703 358 249 161 270 151
/users/yzcchen/chen3/coling2012/LDC2006T06/data/Chinese/bn/adj/CTS20001130.1300.0941 440 425 412 473 434 406 436 89 268 423 422
/users/yzcchen/chen3/coling2012/LDC2006T06/data/Chinese/bn/adj/CBS20001106.1000.0036 611 474 615 196 193 347 285 492 116 191 261 484 299 265 209 269
/users/yzcchen/chen3/coling2012/LDC2006T06/data/Chinese/bn/adj/VOM20001210.0700.0139 275 99 233
/users/yzcchen/chen3/coling2012/LDC2006T06/data/Chinese/bn/adj/CTV20001021.1530.1075 314 193
/users/yzcchen/chen3/coling2012/LDC2006T06/data/Chinese/bn/adj/CTV20001011.1330.0522 172
/users/yzcchen/chen3/coling2012/LDC2006T06/data/Chinese/bn/adj/VOM20001022.1800.0231 251 79 149 192 122 224
/users/yzcchen/chen3/coling2012/LDC2006T06/data/Chinese/bn/adj/CTV20001022.1430.0459 476 512 99 501 591 775 357 495 257 325 253 158 634 779 268
/users/yzcchen/chen3/coling2012/LDC2006T06/data/Chinese/bn/adj/CTS20001025.1300.1022 84 369 354 146 90 405
/users/yzcchen/chen3/coling2012/LDC2006T06/data/Chinese/bn/adj/CTS20001220.1300.0740 410 206 414 141 281 74 220 222 213 208 450 149 88 271 210 440 175 173 382 436 224 186 187 361 120
/users/yzcchen/chen3/coling2012/LDC2006T06/data/Chinese/bn/adj/CTS20001213.1300.0503 85 411 140 212 108 419 78 299 124 347 133
/users/yzcchen/chen3/coling2012/LDC2006T06/data/Chinese/nw/adj/ZBN20001201.1300.0048 479 1036 1099 78 1094 557 193 1167 552 1031 155 1172 1174 450 508 1336 1184 1071 368 1069 500 976 526 1199 522 165 913 910 1150 1268 184 1081 116 903 1211 125 176 1274 180 1076
/users/yzcchen/chen3/coling2012/LDC2006T06/data/Chinese/nw/adj/XIN20001214.0200.0014 393 252 241
/users/yzcchen/chen3/coling2012/LDC2006T06/data/Chinese/nw/adj/XIN20001220.2000.0158 262 276 268
/users/yzcchen/chen3/coling2012/LDC2006T06/data/Chinese/nw/adj/ZBN20001119.0400.0006 103 157 203 113 172 214 331 135
/users/yzcchen/chen3/coling2012/LDC2006T06/data/Chinese/nw/adj/XIN20001009.0800.0048 535 473 574 603 542 617 317 604 302 643
/users/yzcchen/chen3/coling2012/LDC2006T06/data/Chinese/nw/adj/XIN20001223.0200.0030 238 476 291 248 294 431 370 313 161
/users/yzcchen/chen3/coling2012/LDC2006T06/data/Chinese/nw/adj/XIN20001017.0800.0058 167
/users/yzcchen/chen3/coling2012/LDC2006T06/data/Chinese/nw/adj/XIN20001008.1400.0097 264 363
/users/yzcchen/chen3/coling2012/LDC2006T06/data/Chinese/nw/adj/XIN20001109.0800.0062 576 409
/users/yzcchen/chen3/coling2012/LDC2006T06/data/Chinese/nw/adj/XIN20001002.2000.0087 154 263 188 219 231 350 192 243
/users/yzcchen/chen3/coling2012/LDC2006T06/data/Chinese/nw/adj/XIN20001224.2000.0076 304 358 169 354 311 58 131 124 167 63 210
/users/yzcchen/chen3/coling2012/LDC2006T06/data/Chinese/nw/adj/XIN20001013.0200.0027 375 578 609 1036 317 554 166 497 867 1043 573 663 690 998
/users/yzcchen/chen3/coling2012/LDC2006T06/data/Chinese/nw/adj/XIN20001231.0200.0020 1102 279 953 829 1094 675 554 1119 263 1114 261 266 146 931 1107 268 811 1135 307 526 916 1123 668 540 1141 901 898 1137 881 883 341 744 1154 1157 749 886 739 1029 742 892 327 217 1007 1055 334 873 330 986 578 504 371 104 254 835 252 485 842 483
/users/yzcchen/chen3/coling2012/LDC2006T06/data/Chinese/nw/adj/XIN20001024.2000.0141 170 341 426 337 315 298 332 314 330 467
/users/yzcchen/chen3/coling2012/LDC2006T06/data/Chinese/nw/adj/XIN20001225.0800.0058 184 320 370 110 380 150 120
/users/yzcchen/chen3/coling2012/LDC2006T06/data/Chinese/nw/adj/ZBN20001029.0400.0012 550 201 65 202 545 336 400 395 152 322 399 216 562 452 636 509 640 357 731 352 596 114 721 540 605 300 536 303
/users/yzcchen/chen3/coling2012/LDC2006T06/data/Chinese/nw/adj/XIN20001206.0800.0074 409 371 525 527 376 522 404 225 532 357 385 391 362 210
/users/yzcchen/chen3/coling2012/LDC2006T06/data/Chinese/nw/adj/ZBN20001011.0400.0018 101 272 141 854 133 709 285 152 145 695 481 536 777
/users/yzcchen/chen3/coling2012/LDC2006T06/data/Chinese/nw/adj/XIN20001227.1400.0099 221 374 253 505 432 385 361
/users/yzcchen/chen3/coling2012/LDC2006T06/data/Chinese/nw/adj/XIN20001017.0200.0011 161 245
/users/yzcchen/chen3/coling2012/LDC2006T06/data/Chinese/nw/adj/XIN20001003.0200.0005 342 489 279 218 473 312 177 469
/users/yzcchen/chen3/coling2012/LDC2006T06/data/Chinese/nw/adj/XIN20001113.0800.0051 274 184 66 430 296 421
/users/yzcchen/chen3/coling2012/LDC2006T06/data/Chinese/nw/adj/XIN20001017.2000.0178 290 323 263 334
/users/yzcchen/chen3/coling2012/LDC2006T06/data/Chinese/nw/adj/ZBN20001206.0400.0005 207 954 310 313 585 914 378 119 394 1051 223 353 540 960 452 846 270
/users/yzcchen/chen3/coling2012/LDC2006T06/data/Chinese/nw/adj/XIN20001002.0800.0041 305 324 331 302
/users/yzcchen/chen3/coling2012/LDC2006T06/data/Chinese/nw/adj/ZBN20001205.0400.0017 222 158 188 177
/users/yzcchen/chen3/coling2012/LDC2006T06/data/Chinese/nw/adj/XIN20001209.1400.0058
/users/yzcchen/chen3/coling2012/LDC2006T06/data/Chinese/nw/adj/XIN20001101.1400.0121 440 447 67 383 280 436 437 405 393 459 431 457 246 267 487 146 121
/users/yzcchen/chen3/coling2012/LDC2006T06/data/Chinese/nw/adj/XIN20001219.2000.0158 1169 1081 1002 1476 223 446 1462 1419 780 104 1137 1361
/users/yzcchen/chen3/coling2012/LDC2006T06/data/Chinese/nw/adj/XIN20001123.0800.0075 849 773 817 717 733 719 471 736 606
/users/yzcchen/chen3/coling2012/LDC2006T06/data/Chinese/nw/adj/XIN20001024.2000.0153 154 398 296 381 282 111 401 241
/users/yzcchen/chen3/coling2012/LDC2006T06/data/Chinese/nw/adj/ZBN20001112.0400.0003 86 189 351
/users/yzcchen/chen3/coling2012/LDC2006T06/data/Chinese/nw/adj/XIN20001125.0200.0008 254 168 293 321 315 183
/users/yzcchen/chen3/coling2012/LDC2006T06/data/Chinese/nw/adj/XIN20001010.1400.0104 358
/users/yzcchen/chen3/coling2012/LDC2006T06/data/Chinese/nw/adj/XIN20001019.0800.0071
/users/yzcchen/chen3/coling2012/LDC2006T06/data/Chinese/nw/adj/XIN20001006.0200.0021 372 479 341 476 277 370 229 344 439 134 220 153 259 216 156 292 322 488 458 263 267 177 303
/users/yzcchen/chen3/coling2012/LDC2006T06/data/Chinese/nw/adj/ZBN20001108.1300.0050 394 372 84 207 251 229 211
/users/yzcchen/chen3/coling2012/LDC2006T06/data/Chinese/nw/adj/XIN20001031.0800.0085 204 139 168 217 200 209
/users/yzcchen/chen3/coling2012/LDC2006T06/data/Chinese/nw/adj/ZBN20001231.0400.0006 357
/users/yzcchen/chen3/coling2012/LDC2006T06/data/Chinese/nw/adj/XIN20001216.1400.0085
/users/yzcchen/chen3/coling2012/LDC2006T06/data/Chinese/nw/adj/XIN20001124.1400.0090 508 411 274 70 309 202 283 227 404 135 259 115 352 561 261 246 455 365 421 91 302 538
/users/yzcchen/chen3/coling2012/LDC2006T06/data/Chinese/nw/adj/XIN20001012.0800.0089 343 608 549 649 313 332 366 109
/users/yzcchen/chen3/coling2012/LDC2006T06/data/Chinese/nw/adj/XIN20001110.0200.0029 493 393 273 341 293 110 242 420 319
/users/yzcchen/chen3/coling2012/LDC2006T06/data/Chinese/nw/adj/ZBN20001106.0400.0026 653 627 566 251 547 446 544 111 753 314 622 569
/users/yzcchen/chen3/coling2012/LDC2006T06/data/Chinese/nw/adj/XIN20001201.2000.0146 462 460 359 454 382 133
/users/yzcchen/chen3/coling2012/LDC2006T06/data/Chinese/nw/adj/XIN20001124.0200.0025 518 207 222 322 475 167 467 209 438
/users/yzcchen/chen3/coling2012/LDC2006T06/data/Chinese/nw/adj/XIN20001226.1400.0090 118 327 290 174 142 229
/users/yzcchen/chen3/coling2012/LDC2006T06/data/Chinese/wl/adj/GLOVEBX_20041219.0748 156
/users/yzcchen/chen3/coling2012/LDC2006T06/data/Chinese/wl/adj/DAVYZW_20041227.1120 424 443 491 920 471 454
/users/yzcchen/chen3/coling2012/LDC2006T06/data/Chinese/wl/adj/LIUYIFENG_20050129.0957 766 513 218 524 480
/users/yzcchen/chen3/coling2012/LDC2006T06/data/Chinese/wl/adj/LIUYIFENG_20050128.0841 476 70 223 447 145 179 633 647 453 677
/users/yzcchen/chen3/coling2012/LDC2006T06/data/Chinese/wl/adj/SHIHUA_20050111.1335 548 985 751 953 718 1263 888 1298 940 760 1118 701 720 873 1177 1073 934 421 420 390 897 1285
/users/yzcchen/chen3/coling2012/LDC2006T06/data/Chinese/wl/adj/DAVYZW_20050118.0922 478 493 489 932 527
/users/yzcchen/chen3/coling2012/LDC2006T06/data/Chinese/wl/adj/DAVYZW_20050125.1321 343 236 339 444 432 403 425 835 664 429 490 783 416 662 384 537 423 269 689
/users/yzcchen/chen3/coling2012/LDC2006T06/data/Chinese/wl/adj/NJWSL_20041204.1408 687 1221 340 1019 1217 681 336 1039 1229 1092 618 1026 1011 1088 742 1224 1436 673 1166 1437 1226 1000 1239 1232 1245 1111 692 997 1241 1347 268 998 987 169 990 1464 585 1392 983 665 972 660 657
/users/yzcchen/chen3/coling2012/LDC2006T06/data/Chinese/wl/adj/NJWSL_20041211.1642 139 362
/users/yzcchen/chen3/coling2012/LDC2006T06/data/Chinese/wl/adj/DAVYZW_20050228.1136 712 746 685 340 614 853 825 166 708 741 344 835 735 695 721 875 759 725 331
/users/yzcchen/chen3/coling2012/LDC2006T06/data/Chinese/wl/adj/DAVYZW_20041227.1255 956 653 307 504 716 312 315 895 318 1048 534 975 397 972 296 635 385
/users/yzcchen/chen3/coling2012/LDC2006T06/data/Chinese/wl/adj/LIUYIFENG_20050128.1000 404
/users/yzcchen/chen3/coling2012/LDC2006T06/data/Chinese/wl/adj/LIUYIFENG_20050124.1824 171 578 548 557
/users/yzcchen/chen3/coling2012/LDC2006T06/data/Chinese/wl/adj/DAVYZW_20050119.1316 508 717 175 1310 197 1298 1228 471 642 971 806 993 721
/users/yzcchen/chen3/coling2012/LDC2006T06/data/Chinese/wl/adj/DAVYZW_20050110.1249 238 805 820 408 807 822 838 648 403 401 420 810
/users/yzcchen/chen3/coling2012/LDC2006T06/data/Chinese/wl/adj/LIUYIFENG_20050131.0533 154 340 223 266 243 194
/users/yzcchen/chen3/coling2012/LDC2006T06/data/Chinese/wl/adj/LIUYIFENG_20050126.0820 238 221 394 236 190 203 355 366 193 377 361 388
/users/yzcchen/chen3/coling2012/LDC2006T06/data/Chinese/wl/adj/DAVYZW_20050121.1237 463 154 560 469 1047
/users/yzcchen/chen3/coling2012/LDC2006T06/data/Chinese/wl/adj/NJWSL_20050205.2242 1016 746 341 141 1217 413 679 1228 950 1094 130 467 346 1014 152 326 701 1005 765 635 689 926 524 312 983 735 1211 124 777
/users/yzcchen/chen3/coling2012/LDC2006T06/data/Chinese/bn/adj/CNR20001127.1700.0591 653 1100 237 885 432 679 799 281 109 193 188 769 1006 720 150
/users/yzcchen/chen3/coling2012/LDC2006T06/data/Chinese/bn/adj/CBS20001219.1000.1123 237 143 233 197 228 132 285 318 256 263 321 301 240 210 90
/users/yzcchen/chen3/coling2012/LDC2006T06/data/Chinese/bn/adj/VOM20001210.0700.0392 550 850 665 1052 583 616 572
/users/yzcchen/chen3/coling2012/LDC2006T06/data/Chinese/bn/adj/CBS20001219.1000.0782 186 204 304 198 88
/users/yzcchen/chen3/coling2012/LDC2006T06/data/Chinese/bn/adj/CBS20001212.1000.0949 254 113 276 178 227 167
/users/yzcchen/chen3/coling2012/LDC2006T06/data/Chinese/bn/adj/CBS20001225.1000.0766 156 419 180
/users/yzcchen/chen3/coling2012/LDC2006T06/data/Chinese/bn/adj/CTS20001224.1300.0396 442 316 423
/users/yzcchen/chen3/coling2012/LDC2006T06/data/Chinese/bn/adj/CTS20001009.1300.0388 71 321 73 362
/users/yzcchen/chen3/coling2012/LDC2006T06/data/Chinese/bn/adj/CNR20001024.1700.1214
/users/yzcchen/chen3/coling2012/LDC2006T06/data/Chinese/bn/adj/VOM20001024.1800.1850 222 359 130 183 195 90
/users/yzcchen/chen3/coling2012/LDC2006T06/data/Chinese/bn/adj/CTV20001005.1330.1455 87 233
/users/yzcchen/chen3/coling2012/LDC2006T06/data/Chinese/bn/adj/CBS20001021.1000.0347 222 272 230 282 228 195 90 284
/users/yzcchen/chen3/coling2012/LDC2006T06/data/Chinese/bn/adj/VOM20001115.0700.1089 1036 339 1578 337 1038 818 950 824 344 866 320 935 1042 809 1182 811 851 848 308 525 520 641 1083 358 352 1079 1076
/users/yzcchen/chen3/coling2012/LDC2006T06/data/Chinese/bn/adj/CBS20001216.1000.0355 118 154 393 138 112 144 266 247 521 483 523
/users/yzcchen/chen3/coling2012/LDC2006T06/data/Chinese/bn/adj/CTS20001020.1800.0740 414 200 281 469 344 220 217 321 332 385 265 390 210 509 369 382 496 379 290 292 352 364 360 300 536 183 362
/users/yzcchen/chen3/coling2012/LDC2006T06/data/Chinese/bn/adj/CNR20001121.1700.1232 535 544 530 406
/users/yzcchen/chen3/coling2012/LDC2006T06/data/Chinese/bn/adj/CBS20001020.1000.1040 259 339 219 110 146 344
/users/yzcchen/chen3/coling2012/LDC2006T06/data/Chinese/bn/adj/CTV20001123.1330.1541 258 170 207 202 283 286 344
/users/yzcchen/chen3/coling2012/LDC2006T06/data/Chinese/bn/adj/CBS20001008.1000.0271 747 611 614 544 76 345 755 638 370 380 106 521 643 378 593 729 731 364 541 176 603 360 481 659 727
/users/yzcchen/chen3/coling2012/LDC2006T06/data/Chinese/bn/adj/CBS20001101.1000.0000 341 338 113 249 282 193 180 329
/users/yzcchen/chen3/coling2012/LDC2006T06/data/Chinese/bn/adj/CNR20001204.1700.0671
/users/yzcchen/chen3/coling2012/LDC2006T06/data/Chinese/bn/adj/CTS20001121.1300.0621 139 306 101 143 202 230 229 226 252 184 222 459 216 323 320 248 189 430 246 420
/users/yzcchen/chen3/coling2012/LDC2006T06/data/Chinese/bn/adj/CBS20001112.1000.0688 86
/users/yzcchen/chen3/coling2012/LDC2006T06/data/Chinese/bn/adj/CBS20001118.1000.0340 138 295 433 230 435 209 132 286
/users/yzcchen/chen3/coling2012/LDC2006T06/data/Chinese/bn/adj/CTS20001120.1300.0737 249 230 214 79
/users/yzcchen/chen3/coling2012/LDC2006T06/data/Chinese/bn/adj/CTV20001201.1330.1555
/users/yzcchen/chen3/coling2012/LDC2006T06/data/Chinese/bn/adj/CTV20001208.1330.0897 460 314
/users/yzcchen/chen3/coling2012/LDC2006T06/data/Chinese/bn/adj/CBS20001115.1000.0751 516 510 207 414 230 526 133 224 318 439 357 429 263 355 418 367 450 240 362 448
/users/yzcchen/chen3/coling2012/LDC2006T06/data/Chinese/bn/adj/CTS20001116.1300.1169 275 273 71 413 403 199 401 280 285 399 397 391 271 269 169 381 434 317 376 438 252 184 359 428 294 419 300 362 303
/users/yzcchen/chen3/coling2012/LDC2006T06/data/Chinese/bn/adj/CTS20001125.1300.0727 205 152 158 202 142 231 161 181
/users/yzcchen/chen3/coling2012/LDC2006T06/data/Chinese/bn/adj/VOM20001006.1800.2054 237 116 173 224
/users/yzcchen/chen3/coling2012/LDC2006T06/data/Chinese/bn/adj/CBS20001109.1000.1047 279 338 526 79 284 493 290 495 293 217 320 83 487 146 300 271
/users/yzcchen/chen3/coling2012/LDC2006T06/data/Chinese/bn/adj/CBS20001215.1000.0218 186 137 217 334 332 135 448
/users/yzcchen/chen3/coling2012/LDC2006T06/data/Chinese/bn/adj/CTS20001223.1300.1197 184 273 252 253 217 78 227 269
/users/yzcchen/chen3/coling2012/LDC2006T06/data/Chinese/bn/adj/CTV20001106.1330.1457 207 189 111 199
/users/yzcchen/chen3/coling2012/LDC2006T06/data/Chinese/bn/adj/CTS20001024.1300.0506 71 101 309 172 299 130
/users/yzcchen/chen3/coling2012/LDC2006T06/data/Chinese/bn/adj/CTS20001023.1300.0266 103 432 283 380 196 382 317 398 217 323 355 93 391 451 362 363
/users/yzcchen/chen3/coling2012/LDC2006T06/data/Chinese/bn/adj/CBS20001006.1000.0074 272 138 339 415 681 202 678 674 623 621 220 626 392 261 635 265 690 440 790 442 175 651 799 110 797 383 108 795 436 424 118 731 249 660 247 366 722 242 420 779 726 121
/users/yzcchen/chen3/coling2012/LDC2006T06/data/Chinese/bn/adj/CTS20001117.1300.0303 1033 1036 816 544 336 283 948 557 554 942 1054 1042 388 510 1058 918 380 520 522 711 424 910 185 973 487 481 362 539 181
/users/yzcchen/chen3/coling2012/LDC2006T06/data/Chinese/bn/adj/CTS20001122.1300.0271 152 230 247 284 363
/users/yzcchen/chen3/coling2012/LDC2006T06/data/Chinese/bn/adj/VOM20001024.1800.1241 712 372 118 353 514 283 108 363
/users/yzcchen/chen3/coling2012/LDC2006T06/data/Chinese/bn/adj/CBS20001205.1000.0150 551 509 511 235 513 506 371 351 464 344 356 495 146 482
/users/yzcchen/chen3/coling2012/LDC2006T06/data/Chinese/bn/adj/CTS20001013.1300.0456 76 163 77 131 160 107 195 105 254 187 222 426 86 113 265 124 208
/users/yzcchen/chen3/coling2012/LDC2006T06/data/Chinese/bn/adj/CTS20001022.1300.0057 304 184 87 256 409 263 93 296 405
/users/yzcchen/chen3/coling2012/LDC2006T06/data/Chinese/bn/adj/CTS20001031.1300.1042 71 260 232 454 384 242 183 210 165 448
/users/yzcchen/chen3/coling2012/LDC2006T06/data/Chinese/bn/adj/CTS20001213.1300.0281 307 201 129 228 227 133 377 316 285 75 218 126 213 270 301 88 268 241
/users/yzcchen/chen3/coling2012/LDC2006T06/data/Chinese/bn/adj/CTS20001221.1300.1388 152 255 136 257 140 212 128 214 74 134
/users/yzcchen/chen3/coling2012/LDC2006T06/data/Chinese/bn/adj/VOM20001214.0700.1922 89
/users/yzcchen/chen3/coling2012/LDC2006T06/data/Chinese/bn/adj/CTV20001026.1530.0802 252 698 487 377
/users/yzcchen/chen3/coling2012/LDC2006T06/data/Chinese/bn/adj/CTS20001123.1300.0100 425
/users/yzcchen/chen3/coling2012/LDC2006T06/data/Chinese/bn/adj/CBS20001225.1000.1108 81 159
/users/yzcchen/chen3/coling2012/LDC2006T06/data/Chinese/bn/adj/CTS20001008.1300.1160 171 72 166 180
/users/yzcchen/chen3/coling2012/LDC2006T06/data/Chinese/bn/adj/CTS20001116.1300.1063 154 491 142 380 385 487 367 406 483
/users/yzcchen/chen3/coling2012/LDC2006T06/data/Chinese/bn/adj/CTV20001024.1330.1118 325
/users/yzcchen/chen3/coling2012/LDC2006T06/data/Chinese/bn/adj/CBS20001214.1000.1127
/users/yzcchen/chen3/coling2012/LDC2006T06/data/Chinese/bn/adj/VOM20001216.0700.1886 610 443 206 563 311 199 405 621
/users/yzcchen/chen3/coling2012/LDC2006T06/data/Chinese/bn/adj/CTV20001123.1330.1450 492 98 459 191 113 484 419 503 536 389 482
/users/yzcchen/chen3/coling2012/LDC2006T06/data/Chinese/bn/adj/CBS20001107.0800.0407 175
/users/yzcchen/chen3/coling2012/LDC2006T06/data/Chinese/bn/adj/CNR20001218.1700.0450 223 235 200 312 267 280 209 302 194
/users/yzcchen/chen3/coling2012/LDC2006T06/data/Chinese/nw/adj/XIN20001021.2000.0142 479 411 477 399 415 472 260 311 380
/users/yzcchen/chen3/coling2012/LDC2006T06/data/Chinese/nw/adj/XIN20001121.1400.0098 475 453 481 241
/users/yzcchen/chen3/coling2012/LDC2006T06/data/Chinese/nw/adj/XIN20001120.0800.0058 172 319
/users/yzcchen/chen3/coling2012/LDC2006T06/data/Chinese/nw/adj/XIN20001108.0800.0068 305 424 411 341 216 65 480 122 497 379 240 210
/users/yzcchen/chen3/coling2012/LDC2006T06/data/Chinese/nw/adj/ZBN20001224.0400.0010 102 327 170 518 71 200 188 249 451 209 192
/users/yzcchen/chen3/coling2012/LDC2006T06/data/Chinese/nw/adj/XIN20001115.0800.0090 762 626 340 614 561 500 199 124 861 302
/users/yzcchen/chen3/coling2012/LDC2006T06/data/Chinese/nw/adj/XIN20001111.0200.0003 216 504 234 251 311 249 266 145 243 285
/users/yzcchen/chen3/coling2012/LDC2006T06/data/Chinese/nw/adj/ZBN20001228.0400.0017 686 375 512 371 545 524 586 435 527 287 493 221 153 324 529 219 148
/users/yzcchen/chen3/coling2012/LDC2006T06/data/Chinese/nw/adj/ZBN20001120.0400.0004 170 304 624 65 719 613 782 244 348 674 180
/users/yzcchen/chen3/coling2012/LDC2006T06/data/Chinese/nw/adj/XIN20001202.0800.0050 184 272 158 147
/users/yzcchen/chen3/coling2012/LDC2006T06/data/Chinese/nw/adj/XIN20001229.1400.0101 68 304 233 176 125 62
/users/yzcchen/chen3/coling2012/LDC2006T06/data/Chinese/nw/adj/XIN20001227.2000.0137 327 255 292 202 247
/users/yzcchen/chen3/coling2012/LDC2006T06/data/Chinese/nw/adj/XIN20001225.0200.0001 253 250 231 212 227 180
/users/yzcchen/chen3/coling2012/LDC2006T06/data/Chinese/nw/adj/XIN20001101.1400.0137 373 201 512 233 196 434 347 186 324 257 216 397 188 417 298 214 270
/users/yzcchen/chen3/coling2012/LDC2006T06/data/Chinese/nw/adj/ZBN20001205.0400.0014 343 138 141 680 619 585 78 675 640 672 702 669 320 663 123
/users/yzcchen/chen3/coling2012/LDC2006T06/data/Chinese/nw/adj/XIN20001126.2000.0101 136 187 174 350 345 210
/users/yzcchen/chen3/coling2012/LDC2006T06/data/Chinese/nw/adj/ZBN20001210.0400.0021 788 369 231 128 503 346 438 591 152 220 463 761 701 699 598 693 177 537 809 449 879
/users/yzcchen/chen3/coling2012/LDC2006T06/data/Chinese/nw/adj/XIN20001001.1400.0096 275 686 206 649 675 708 73 670 701 720 722 605 726 659
/users/yzcchen/chen3/coling2012/LDC2006T06/data/Chinese/nw/adj/XIN20001124.0200.0001 103 368 310 229 193 132 289 424 325 217 321 421 271 209
/users/yzcchen/chen3/coling2012/LDC2006T06/data/Chinese/nw/adj/ZBN20001217.0400.0001 821 770 812 634 814 616 675 895
/users/yzcchen/chen3/coling2012/LDC2006T06/data/Chinese/nw/adj/XIN20001114.0800.0046 235 260 142 540 196 162 280 496 319 362
/users/yzcchen/chen3/coling2012/LDC2006T06/data/Chinese/nw/adj/XIN20001121.0200.0021 70 307 392 414 311 232 295 334 433 573 314 376
/users/yzcchen/chen3/coling2012/LDC2006T06/data/Chinese/nw/adj/ZBN20001008.0400.0004 475 336 232 108 382 401 554 104 326 461 529 249 598 485 385 570 268 240 303
/users/yzcchen/chen3/coling2012/LDC2006T06/data/Chinese/nw/adj/XIN20001228.0200.0038 136 380 347 390 318
/users/yzcchen/chen3/coling2012/LDC2006T06/data/Chinese/nw/adj/XIN20001103.0200.0040 394 168 352 143 249 72
/users/yzcchen/chen3/coling2012/LDC2006T06/data/Chinese/nw/adj/XIN20001005.0200.0010 205 547 202 231 192 226 194 258 255 221 253 223 250 563 352 218 560 214 245 183
/users/yzcchen/chen3/coling2012/LDC2006T06/data/Chinese/nw/adj/XIN20001020.0200.0018 223 253 485 433 243
/users/yzcchen/chen3/coling2012/LDC2006T06/data/Chinese/nw/adj/XIN20001207.1400.0076 139 235 175 293 248 277 108 194
/users/yzcchen/chen3/coling2012/LDC2006T06/data/Chinese/nw/adj/XIN20001002.1400.0078 275 221 207 70 157 295 132 121 151
/users/yzcchen/chen3/coling2012/LDC2006T06/data/Chinese/nw/adj/ZBN20001103.0400.0017 686 474 234 1098 470 129 1095 741 1257 1301 1049 728 664 1204 1144 1312 125 1111 573 1072 421 1241 1046
/users/yzcchen/chen3/coling2012/LDC2006T06/data/Chinese/nw/adj/XIN20001009.0200.0005 409 130 466 565 325 159 265 236 504 234 229 316 589 104 378 592 250 190 490 296 601 246 242 240 61 120
/users/yzcchen/chen3/coling2012/LDC2006T06/data/Chinese/nw/adj/XIN20001003.0200.0001 495 306 447 231 129 471 503 420 316
/users/yzcchen/chen3/coling2012/LDC2006T06/data/Chinese/nw/adj/XIN20001117.0200.0026 411 446 413 435 466 437 407 464 425 462 428 416 452 486
/users/yzcchen/chen3/coling2012/LDC2006T06/data/Chinese/nw/adj/XIN20001002.0200.0004 257 477 415 386 486 360 483 499 269
/users/yzcchen/chen3/coling2012/LDC2006T06/data/Chinese/nw/adj/XIN20001015.1400.0075 169 223 191 196 176 160 182 268 164
/users/yzcchen/chen3/coling2012/LDC2006T06/data/Chinese/nw/adj/XIN20001224.1400.0066 306
/users/yzcchen/chen3/coling2012/LDC2006T06/data/Chinese/nw/adj/XIN20001007.0800.0037 478 515 705 678 616 405 703 324 866 732 812 365 656 724 390
/users/yzcchen/chen3/coling2012/LDC2006T06/data/Chinese/nw/adj/XIN20001008.0200.0007 373 478 509 432 350 434 383 469 377 492 396 453 481
/users/yzcchen/chen3/coling2012/LDC2006T06/data/Chinese/nw/adj/ZBN20001231.0400.0011 171 493 113 277 417 79 109 227 62 316 135 241
/users/yzcchen/chen3/coling2012/LDC2006T06/data/Chinese/nw/adj/XIN20001013.0200.0001 394 172 407
/users/yzcchen/chen3/coling2012/LDC2006T06/data/Chinese/nw/adj/XIN20001221.1400.0143 356 508 204 190 475 143 432 163 287 569 241
/users/yzcchen/chen3/coling2012/LDC2006T06/data/Chinese/nw/adj/XIN20001224.0800.0046 339 249 128
/users/yzcchen/chen3/coling2012/LDC2006T06/data/Chinese/nw/adj/XIN20001203.0800.0031 203 178 497 243 194 211
/users/yzcchen/chen3/coling2012/LDC2006T06/data/Chinese/nw/adj/XIN20001008.1400.0061 567 625 324 490 334 299 123 328 318
/users/yzcchen/chen3/coling2012/LDC2006T06/data/Chinese/nw/adj/XIN20001231.1400.0076 171 289 424 257 55 247 214 108 146 421
/users/yzcchen/chen3/coling2012/LDC2006T06/data/Chinese/nw/adj/XIN20001028.0200.0025 746 548 882 816 889 828 1433 404 826 1409 806 1288 869 575 873 875 878 850 1406 1400 796 793 1441 1210 779 845
/users/yzcchen/chen3/coling2012/LDC2006T06/data/Chinese/nw/adj/XIN20001020.0200.0006 275 236 276 197 283 281 193 286 259 256 253 292 251 248 297 268
